% Corrected geomagnetic indices and IMF, solar wind speed and OSF reconstructions
% This is a update of the paper 
%    Lockwood, M., H. Nevanlinna, L. Barnard, M.J. Owens, R.G. Harrison, A.P. Rouillard, and C.J. Scott
%    Reconstruction of Geomagnetic Activity and Near‐Earth Interplanetary Conditions over the Past 167 Years: 4. Near‐Earth Solar Wind Speed, IMF, and Open Solar Flux
%    Annales. Geophys., 32, 383‐399, doi: 10.5194/angeo-32-383-2014 (2014) 
%
% Update uses 
% 1. better, strahl-based correction for excess flux (a.k.a. switchbacks) in spacecraft OSF data from Frost et al. (in press with Solar Physics, 2022)
% 2. the homogeneous aa index (aaH) instead of corrected aa (aa_c) from  
%    Lockwood, M., I.D. Finch, A. Chambodut, L.A. Barnard, M.J. Owens, and E. Clarke
%    A homogeneous aa index: 2. hemispheric asymmetries and the equinoctial variation, 
%    J. Space Weather Space Clim., 8, A58, doi: 10.1051/swsc/2018044 (2018)
%    Lockwood, A. Chambodut, L.A. Barnard, M.J. Owens, E. Clarke, and V. Mendel, 
%    A homogeneous aa index: 1. Secular variation
%    J. Space Weather Space Clim., 8, A53, doi: 10.1051/swsc/2018038 (2018)
% 3. A  better allowance for Uncertainties caused by assumming Parker spiral IMF orientation for annual means
%Updates deries to be published in
%    Lockwood, M., M.J. Owens, L.A. Barnard, C.J. Scott, A.Frost, B. Yu and Y. Chi
%    Application of historic datasets to understanding Open Solar Flux and the 20th-century Grand Solar Maximum. 1. Geomagnetic, ionospheric and sunspot observations
%    Frontiers in Astronomy and Space Sciences, submitted (2022) 
%%%%%%%%%%%%%%%%%%%%%%%%%%%%%%%%%%%%%%%%%%%%%%%%%%%%%%%%%%%%%%%%%%%%%%%%%%%%%%%%%%%%%%%%%%%%%%%%%%%%%%%%%%%%%%%%%%%%%%%%%%   
%	I.S.N	geomagnetic indices		IMF, B			solar wind speed, V	signed open solar flux, Fs		
%year	R	aaH	IDV1d	IDV	IHV	min B	best B	max B	min V	best V	maxV	min Fs	best Fs	max Fs
%		(nT)				(nT)	(nT)	(nT)	(km/s)	(km/s)	(km/s)	1e-14Wb	1e-14Wb	1e-14Wb
%1	2	3	4	5	6	7	8	9	10	11	12	13	14	15
1844.5	19.93	15.699	NaN	8.500	NaN	5.481	5.794	6.105	404.0	411.5	418.2	2.525	2.857	3.187
1845.5	47.48	13.096	4.543	9.500	NaN	5.156	5.863	6.488	330.4	369.4	402.0	2.094	2.662	3.162
1846.5	69.19	16.071	4.979	10.100	NaN	5.496	6.168	6.826	373.7	402.4	433.4	2.468	3.027	3.573
1847.5	105.35	17.001	8.030	11.400	NaN	6.773	7.461	8.415	336.2	371.3	396.5	3.061	3.640	4.327
1848.5	132.81	19.140	7.248	13.100	NaN	6.902	7.593	8.433	363.8	392.8	416.4	3.287	3.870	4.529
1849.5	182.52	15.420	5.713	12.000	NaN	6.001	6.810	7.903	320.8	371.1	405.3	2.568	3.240	3.982
1850.5	126.25	14.304	5.237	9.900	NaN	5.689	6.191	6.695	347.8	375.6	399.2	2.473	2.899	3.308
1851.5	121.97	15.885	6.766	9.000	NaN	5.720	6.518	7.496	342.8	387.5	415.0	2.468	3.160	3.903
1852.5	102.73	22.301	6.888	7.600	NaN	5.293	6.313	8.001	459.5	481.5	609.2	2.462	3.461	4.807
1853.5	74.10	17.373	6.947	7.800	NaN	5.348	6.334	7.971	377.1	416.8	497.5	2.199	3.183	4.305
1854.5	39.05	16.257	5.643	6.600	NaN	4.425	5.634	6.699	403.7	429.3	519.6	1.721	2.796	3.621
1855.5	12.69	13.561	4.530	5.800	NaN	3.939	5.069	5.888	380.1	411.5	474.6	1.415	2.364	3.088
1856.5	8.19	9.841	3.819	6.600	NaN	4.476	4.965	5.448	325.2	346.9	364.9	1.485	2.017	2.529
1857.5	43.35	12.445	5.609	7.200	NaN	4.678	5.712	6.552	316.2	365.4	398.6	1.699	2.543	3.253
1858.5	104.44	17.001	6.748	10.600	NaN	6.435	6.868	7.358	371.4	389.5	404.0	2.995	3.399	3.820
1859.5	178.33	17.931	8.377	14.300	NaN	7.470	8.207	9.024	334.0	361.3	387.0	3.457	4.019	4.612
1860.5	182.18	17.745	7.966	13.500	NaN	7.264	7.899	8.580	343.3	367.4	390.3	3.385	3.881	4.395
1861.5	146.58	16.722	6.673	12.200	NaN	6.573	7.184	7.921	345.3	375.8	400.7	3.008	3.505	4.050
1862.5	112.09	18.396	6.952	10.000	NaN	6.211	6.820	7.615	375.4	409.4	427.6	2.924	3.481	4.115
1863.5	83.55	19.791	6.347	9.400	NaN	5.947	6.504	7.157	419.1	438.7	464.8	2.910	3.428	3.997
1864.5	89.23	19.233	6.273	8.400	NaN	5.425	6.258	7.128	421.8	442.3	499.0	2.569	3.276	4.039
1865.5	57.81	20.999	6.088	7.900	NaN	5.166	6.103	7.015	451.9	472.2	549.1	2.507	3.297	4.135
1866.5	30.71	18.303	5.688	7.300	NaN	4.815	5.819	6.695	429.8	449.3	524.8	2.163	3.011	3.782
1867.5	13.91	14.769	4.941	6.800	NaN	4.540	5.432	6.155	386.7	413.9	459.1	1.847	2.611	3.249
1868.5	62.77	16.510	6.772	8.100	NaN	5.394	6.333	7.690	362.8	404.1	462.9	2.188	3.125	4.028
1869.5	123.59	18.880	8.726	11.100	NaN	6.764	7.646	9.177	332.4	389.5	419.7	3.099	3.867	4.945
1870.5	232.01	19.996	9.199	16.700	NaN	7.889	9.016	10.446	324.2	364.0	398.5	3.662	4.519	5.531
1871.5	185.30	19.356	9.155	16.000	NaN	7.868	8.844	10.003	327.8	361.2	391.7	3.655	4.396	5.222
1872.5	169.16	21.190	9.392	14.600	NaN	7.925	8.643	9.396	364.9	385.6	405.2	3.865	4.472	5.089
1873.5	110.15	18.345	7.321	9.900	NaN	6.184	6.920	7.963	364.7	405.8	433.0	2.868	3.519	4.323
1874.5	74.52	13.458	6.020	9.500	NaN	5.929	6.352	6.810	336.4	357.3	375.1	2.475	2.889	3.301
1875.5	28.34	10.591	3.703	7.200	NaN	4.604	5.065	5.481	331.7	357.2	383.2	1.677	2.126	2.568
1876.5	18.92	9.116	4.271	6.000	NaN	4.051	4.975	5.696	291.7	332.8	363.4	1.138	1.944	2.629
1877.5	20.66	8.581	4.389	6.600	NaN	4.401	5.133	5.757	280.3	315.6	342.5	1.237	1.939	2.566
1878.5	5.70	7.126	3.641	5.800	NaN	3.980	4.697	5.330	264.1	300.3	328.0	0.880	1.618	2.281
1879.5	10.05	6.925	3.598	6.000	NaN	4.101	4.722	5.300	259.2	294.6	322.9	0.906	1.600	2.235
1880.5	53.71	10.864	4.624	7.890	27.090	5.163	5.534	5.911	345.0	366.4	385.0	1.971	2.405	2.833
1881.5	90.50	12.617	4.535	8.690	30.440	5.225	5.699	6.119	366.7	393.0	417.6	2.242	2.655	3.041
1882.5	99.02	20.729	6.078	12.470	40.380	6.293	7.095	8.240	408.9	440.4	481.1	3.135	3.857	4.787
1883.5	106.10	16.004	6.421	10.320	34.220	6.321	6.702	7.115	382.0	397.8	411.4	2.983	3.352	3.726
1884.5	105.75	13.089	5.325	9.370	28.660	5.767	6.101	6.424	350.3	371.6	390.9	2.465	2.798	3.126
1885.5	86.35	14.171	5.751	9.520	30.300	5.952	6.285	6.628	365.6	381.4	395.4	2.631	2.977	3.324
1886.5	42.43	18.798	5.988	9.580	35.600	6.026	6.419	6.843	418.6	433.5	443.1	2.965	3.355	3.751
1887.5	21.82	15.045	5.279	8.000	32.030	5.231	5.814	6.373	390.9	415.6	434.1	2.317	2.847	3.351
1888.5	11.19	14.177	4.610	7.470	30.480	4.975	5.470	5.944	397.8	415.9	430.0	2.141	2.614	3.070
1889.5	10.38	11.663	4.294	7.110	26.350	4.765	5.261	5.739	361.1	380.6	395.1	1.801	2.304	2.784
1890.5	11.82	10.038	3.851	6.450	24.270	4.412	4.956	5.419	324.3	366.2	397.1	1.351	2.035	2.560
1891.5	59.48	15.645	4.800	8.760	32.090	5.458	5.823	6.230	387.9	419.8	441.7	2.529	2.874	3.219
1892.5	121.66	21.895	7.519	14.190	41.870	7.288	7.953	9.460	378.1	422.6	463.6	3.621	4.352	5.522
1893.5	142.02	15.509	6.562	10.820	32.620	6.471	6.848	7.232	348.6	382.1	406.9	2.981	3.349	3.715
1894.5	129.96	18.807	6.697	13.450	37.250	6.931	7.491	9.175	348.3	402.4	448.8	3.191	3.900	5.112
1895.5	106.57	16.472	5.698	10.250	34.680	6.071	6.453	6.990	371.3	412.4	444.9	2.903	3.267	3.637
1896.5	69.44	16.419	5.334	10.400	35.400	5.983	6.367	7.259	363.7	419.0	468.2	2.813	3.241	3.783
1897.5	43.76	12.643	4.358	8.810	27.080	5.255	5.654	6.387	338.3	377.0	414.7	2.089	2.536	3.057
1898.5	44.42	13.935	4.886	9.120	30.530	5.542	5.915	6.422	349.8	395.1	429.2	2.447	2.810	3.170
1899.5	20.23	12.215	3.833	7.080	26.970	4.697	5.108	5.515	358.9	396.1	418.2	1.855	2.278	2.694
1900.5	15.73	7.332	3.742	5.730	19.630	3.866	4.726	5.245	265.7	315.7	352.2	0.673	1.624	2.263
1901.5	4.59	6.077	2.996	4.930	16.500	3.500	4.286	4.888	251.2	293.2	318.0	0.407	1.247	1.915
1902.5	8.50	6.466	3.113	5.070	16.120	3.574	4.355	4.944	258.0	291.9	319.2	0.511	1.275	1.921
1903.5	40.75	11.087	4.254	6.850	23.620	4.603	5.177	5.618	338.8	362.3	376.8	1.581	2.152	2.617
1904.5	70.13	10.865	4.182	7.700	23.590	4.947	5.334	5.720	328.3	353.5	376.2	1.793	2.204	2.620
1905.5	105.49	13.781	5.106	8.490	26.530	5.500	5.836	6.183	359.1	375.5	392.1	2.283	2.645	3.032
1906.5	90.10	11.652	4.441	7.430	25.150	4.956	5.372	5.766	344.4	368.6	384.0	1.836	2.312	2.727
1907.5	102.77	14.654	5.126	8.850	29.890	5.612	5.937	6.262	374.8	396.2	410.6	2.503	2.831	3.159
1908.5	80.89	15.586	5.549	9.570	30.670	5.897	6.239	6.588	379.6	395.2	408.6	2.689	3.025	3.362
1909.5	73.22	15.643	4.934	10.130	30.880	5.770	6.158	7.206	364.7	400.4	435.1	2.478	2.994	3.802
1910.5	30.93	15.996	4.575	8.130	33.640	5.275	5.619	5.965	410.6	439.4	472.4	2.460	2.825	3.183
1911.5	9.48	14.541	4.140	7.140	30.370	4.841	5.245	5.647	402.5	428.8	456.6	2.064	2.517	2.927
1912.5	6.02	8.459	3.251	5.720	21.110	4.017	4.580	5.099	303.9	345.2	369.3	1.020	1.694	2.257
1913.5	2.40	8.254	2.772	5.190	20.460	3.723	4.306	4.871	311.2	351.1	374.7	0.900	1.552	2.141
1914.5	16.05	10.238	3.260	6.160	24.780	4.229	4.703	5.175	331.6	383.3	412.7	1.400	1.952	2.464
1915.5	78.99	14.153	4.828	8.210	31.980	5.373	5.706	6.046	384.7	412.9	462.3	2.282	2.762	3.198
1916.5	95.04	17.940	5.743	9.480	37.540	5.995	6.318	6.654	419.6	440.7	489.9	2.900	3.322	3.736
1917.5	173.63	16.544	6.502	11.290	35.670	6.512	6.945	7.490	351.8	399.2	434.2	3.128	3.523	3.916
1918.5	134.60	19.389	6.559	11.630	41.230	6.608	7.070	7.760	393.9	435.9	490.0	3.355	3.824	4.281
1919.5	105.75	20.185	6.994	12.060	40.580	6.809	7.308	7.946	391.6	429.3	460.0	3.494	3.954	4.430
1920.5	62.73	16.481	6.161	10.770	34.990	6.317	6.719	7.218	361.2	403.9	435.1	3.029	3.399	3.764
1921.5	43.52	15.731	5.233	9.180	32.350	5.718	6.058	6.406	382.1	411.7	430.2	2.669	2.995	3.320
1922.5	23.72	17.407	4.228	8.080	35.680	5.103	5.505	5.970	427.1	465.8	506.3	2.474	2.852	3.226
1923.5	9.66	9.962	3.747	6.260	23.670	4.306	4.878	5.357	327.0	365.0	392.9	1.300	1.979	2.506
1924.5	27.90	9.848	3.976	7.130	22.930	4.739	5.135	5.535	312.3	347.9	371.8	1.579	2.051	2.497
1925.5	74.04	12.327	4.640	8.410	28.090	5.307	5.663	6.027	333.2	379.3	408.9	2.178	2.560	2.930
1926.5	106.50	18.550	7.522	11.080	36.810	6.582	7.251	7.813	370.1	406.6	441.1	3.082	3.771	4.295
1927.5	114.72	15.540	5.462	9.460	30.530	5.845	6.186	6.534	381.2	396.2	409.3	2.659	2.996	3.335
1928.5	129.71	16.371	6.356	9.920	31.830	6.159	6.588	7.005	372.9	393.4	409.9	2.826	3.246	3.621
1929.5	108.22	17.968	5.925	9.970	35.210	6.136	6.477	6.822	405.8	423.9	438.6	3.012	3.346	3.678
1930.5	59.40	26.119	5.743	10.420	46.770	6.179	6.578	7.204	495.1	517.6	543.6	3.394	3.848	4.474
1931.5	35.07	15.680	4.021	7.490	32.020	4.892	5.291	5.690	416.4	444.6	472.3	2.239	2.614	2.989
1932.5	18.56	17.703	3.957	7.440	35.380	4.868	5.277	5.686	446.6	478.4	514.7	2.355	2.733	3.105
1933.5	9.23	15.276	3.803	7.150	31.600	4.725	5.143	5.556	416.0	446.7	477.6	2.123	2.518	2.907
1934.5	14.56	12.619	3.764	7.030	27.130	4.657	5.077	5.494	371.1	402.1	424.0	1.870	2.284	2.696
1935.5	60.18	14.645	4.308	7.890	30.670	5.088	5.464	5.839	388.1	420.8	443.1	2.273	2.633	2.993
1936.5	132.83	15.192	5.072	9.050	30.650	5.615	5.968	6.345	380.5	402.9	421.1	2.547	2.887	3.228
1937.5	190.63	17.643	8.158	12.430	35.190	7.176	7.739	8.348	348.4	378.8	407.6	3.369	3.905	4.408
1938.5	182.61	21.725	8.101	14.340	39.320	7.452	8.168	9.331	377.6	405.2	429.5	3.645	4.380	5.379
1939.5	147.96	21.373	8.115	12.820	41.950	7.304	7.852	8.426	392.6	422.9	453.1	3.755	4.291	4.837
1940.5	113.03	21.641	7.805	12.590	40.330	7.166	7.696	8.244	405.4	423.4	439.3	3.687	4.185	4.677
1941.5	79.16	22.714	7.827	12.180	42.490	7.118	7.627	8.181	414.8	439.9	463.3	3.715	4.238	4.760
1942.5	50.76	19.964	5.600	9.500	39.920	5.965	6.290	6.618	443.9	465.6	503.0	3.063	3.420	3.778
1943.5	27.12	23.543	5.386	9.070	43.860	5.831	6.150	6.477	484.0	511.4	544.3	3.150	3.503	3.851
1944.5	16.07	16.497	4.710	8.370	33.030	5.370	5.716	6.061	412.4	435.5	453.3	2.540	2.875	3.208
1945.5	55.33	15.234	5.441	8.940	32.250	5.737	6.072	6.415	378.8	407.1	435.5	2.548	2.980	3.365
1946.5	154.32	23.063	9.156	14.420	41.150	7.830	8.546	9.285	389.3	407.7	424.5	4.000	4.655	5.321
1947.5	214.72	22.928	8.709	14.100	42.260	7.644	8.333	9.051	397.8	417.2	435.6	3.960	4.581	5.214
1948.5	193.03	20.698	6.495	11.070	38.940	6.505	6.927	7.394	422.5	439.7	453.4	3.334	3.745	4.175
1949.5	190.72	19.486	9.042	13.730	38.420	7.661	8.331	9.055	352.6	385.0	416.3	3.728	4.340	4.945
1950.5	118.87	22.281	7.862	12.760	43.620	7.217	7.765	8.328	407.6	436.9	465.4	3.797	4.319	4.845
1951.5	98.30	26.101	6.922	12.470	50.000	6.891	7.424	8.355	446.0	493.0	529.7	3.801	4.376	5.151
1952.5	44.97	25.392	6.480	11.020	49.350	6.542	6.957	7.410	475.1	506.1	546.9	3.640	4.089	4.537
1953.5	20.13	20.242	4.893	8.890	41.490	5.568	5.928	6.333	448.7	491.4	537.6	2.893	3.261	3.611
1954.5	6.61	15.950	3.965	7.470	34.530	4.870	5.277	5.684	415.0	460.7	506.9	2.261	2.668	3.058
1955.5	54.16	16.281	4.693	8.790	34.610	5.430	5.805	6.284	396.6	437.9	478.7	2.580	2.947	3.304
1956.5	200.66	22.592	8.287	13.510	42.540	7.438	8.066	8.721	401.5	424.8	445.4	3.883	4.450	5.023
1957.5	269.29	25.190	11.304	16.670	45.560	8.754	9.764	10.844	368.8	400.4	427.2	4.524	5.415	6.302
1958.5	261.68	24.394	9.813	15.650	44.960	8.197	9.047	9.930	389.7	413.3	435.9	4.290	5.040	5.806
1959.5	225.11	25.848	9.194	14.470	48.520	7.885	8.606	9.354	415.7	445.0	473.6	4.265	4.962	5.661
1960.5	159.02	28.265	10.365	16.190	50.780	8.470	9.383	10.324	415.1	440.3	462.5	4.613	5.476	6.346
1961.5	76.43	19.226	6.989	11.530	37.660	6.742	7.178	7.624	392.6	416.4	436.0	3.385	3.786	4.188
1962.5	53.35	18.463	4.773	8.660	34.820	5.448	5.814	6.205	440.2	453.9	470.6	2.656	3.023	3.406
1963.5	39.95	18.264	5.243	8.100	33.110	5.272	5.842	6.234	418.4	443.0	468.3	2.505	2.992	3.400
1964.5	15.03	14.820	3.917	7.210	28.710	4.778	5.182	5.585	415.5	424.7	440.2	2.050	2.454	2.861
1965.5	21.97	12.105	4.078	6.980	24.720	4.728	5.158	5.576	364.7	379.1	390.3	1.783	2.226	2.659
1966.5	66.76	14.958	4.911	7.950	29.440	5.239	5.673	6.053	390.2	407.3	420.2	2.273	2.709	3.089
1967.5	132.91	17.098	7.574	10.410	32.240	6.065	7.099	7.675	340.5	383.3	407.3	2.663	3.509	4.011
1968.5	150.01	19.447	5.842	9.490	35.500	6.018	6.354	6.715	426.1	439.8	447.8	2.986	3.340	3.701
1969.5	149.37	17.233	5.918	9.430	31.390	5.972	6.342	6.727	386.4	406.3	424.7	2.795	3.153	3.548
1970.5	147.99	17.195	6.048	10.070	31.930	6.181	6.524	6.875	390.2	401.7	412.9	2.889	3.251	3.623
1971.5	94.40	17.348	4.915	8.880	32.480	5.532	5.896	6.297	423.0	430.8	444.7	2.588	2.976	3.383
1972.5	97.61	17.762	5.944	9.560	33.920	6.038	6.389	6.761	403.9	420.1	433.0	2.898	3.264	3.619
1973.5	54.13	23.122	5.284	9.330	41.230	5.807	6.164	6.548	484.5	496.9	511.0	3.069	3.456	3.876
1974.5	49.22	26.198	5.601	9.340	46.910	5.975	6.296	6.631	505.9	532.2	561.4	3.324	3.690	4.053
1975.5	22.50	20.541	4.816	8.210	38.370	5.417	5.749	6.093	466.3	488.1	513.0	2.773	3.116	3.458
1976.5	18.42	19.257	4.776	8.690	35.830	5.459	5.827	6.229	450.5	463.6	480.7	2.699	3.074	3.472
1977.5	39.32	17.450	5.126	8.930	35.020	5.654	5.985	6.315	417.8	440.0	461.9	2.756	3.084	3.411
1978.5	130.99	22.087	7.658	12.310	40.130	7.086	7.589	8.110	414.6	428.6	439.7	3.649	4.142	4.636
1979.5	220.06	19.440	6.693	11.790	37.880	6.660	7.138	7.838	390.8	420.0	446.3	3.323	3.780	4.317
1980.5	218.95	16.375	6.213	10.540	30.650	6.288	6.670	7.068	368.0	384.8	400.6	2.845	3.246	3.655
1981.5	198.88	22.287	8.682	13.840	39.930	7.602	8.257	8.933	391.1	407.7	423.3	3.854	4.460	5.079
1982.5	162.38	30.597	9.312	15.290	52.150	8.019	8.853	9.786	456.8	470.6	485.7	4.430	5.301	6.271
1983.5	90.95	26.586	7.388	11.610	47.910	6.930	7.389	7.892	464.6	489.3	512.5	3.816	4.332	4.849
1984.5	60.49	26.042	6.197	10.500	46.050	6.360	6.745	7.144	492.5	506.5	519.4	3.499	3.930	4.376
1985.5	20.58	20.195	5.071	9.120	38.750	5.671	6.030	6.435	449.8	473.8	498.3	2.914	3.266	3.631
1986.5	14.76	18.784	4.867	8.830	34.570	5.514	5.882	6.290	443.6	451.7	467.0	2.671	3.062	3.480
1987.5	33.87	17.003	4.618	8.250	32.880	5.310	5.662	6.015	426.3	441.0	455.4	2.514	2.860	3.205
1988.5	123.00	20.201	5.574	10.310	35.490	6.049	6.445	7.133	417.5	440.9	465.3	2.903	3.406	4.108
1989.5	211.05	28.090	9.646	16.950	45.980	8.284	9.293	10.888	385.8	427.0	465.8	4.189	5.305	6.893
1990.5	191.76	23.874	7.829	12.880	41.200	7.204	7.780	8.388	419.9	435.9	451.3	3.714	4.318	4.974
1991.5	203.27	31.026	9.789	15.860	52.730	8.245	9.138	10.100	450.1	465.4	481.0	4.554	5.474	6.470
1992.5	132.99	24.575	7.570	12.810	43.450	7.111	7.689	8.375	440.0	451.1	463.6	3.747	4.347	5.042
1993.5	76.10	22.955	6.346	10.150	40.460	6.328	6.692	7.092	451.6	468.9	481.3	3.325	3.722	4.132
1994.5	44.88	26.538	5.135	9.180	44.380	5.734	6.101	6.510	510.7	533.8	560.5	3.102	3.543	4.052
1995.5	25.07	19.730	5.032	9.110	36.090	5.638	6.006	6.435	451.1	459.6	475.3	2.792	3.185	3.623
1996.5	11.56	16.641	3.484	6.890	30.430	4.514	4.983	5.459	437.4	459.7	489.6	1.966	2.449	2.941
1997.5	28.94	14.385	4.460	8.180	29.150	5.197	5.570	5.953	385.0	405.7	424.6	2.267	2.632	3.000
1998.5	88.26	19.071	6.578	10.380	35.380	6.396	6.787	7.211	403.1	419.9	430.9	3.143	3.535	3.927
1999.5	136.33	20.167	5.970	9.930	36.590	6.160	6.497	6.845	434.7	443.4	449.1	3.094	3.459	3.831
2000.5	173.86	22.951	7.839	13.430	39.870	7.253	7.893	8.732	399.0	422.2	443.6	3.634	4.309	5.148
2001.5	170.41	20.188	8.514	13.650	35.890	7.499	8.135	8.790	362.2	384.6	405.6	3.619	4.204	4.821
2002.5	163.56	20.565	6.384	10.990	36.990	6.442	6.866	7.363	422.0	433.0	444.4	3.206	3.663	4.174
2003.5	99.27	33.142	7.490	12.530	54.040	7.104	7.660	8.282	517.1	531.7	553.2	4.048	4.729	5.507
2004.5	65.34	20.803	5.706	9.440	37.700	5.988	6.310	6.652	449.1	460.3	469.2	3.057	3.407	3.761
2005.5	45.80	21.049	6.038	9.360	37.730	5.936	6.404	6.813	437.2	458.0	475.6	3.023	3.462	3.871
2006.5	24.68	14.562	4.379	7.490	28.380	5.016	5.393	5.776	399.2	410.8	419.2	2.150	2.536	2.922
2007.5	12.64	13.454	3.251	5.970	26.470	4.189	4.682	5.172	410.4	425.6	443.6	1.635	2.111	2.589
2008.5	4.16	12.683	2.950	5.240	23.980	3.803	4.413	4.977	388.6	416.9	454.1	1.333	1.890	2.444
2009.5	4.78	7.557	2.696	4.940	19.010	3.582	4.216	4.808	298.6	335.9	356.9	0.729	1.426	2.043
2010.5	24.87	10.965	3.483	5.740	21.400	4.024	4.677	5.205	340.2	368.6	405.4	1.293	1.860	2.416
2011.5	80.84	13.364	4.116	7.260	NaN	4.855	5.245	5.643	386.8	398.5	410.1	2.024	2.431	2.843
2012.5	84.54	15.358	5.278	9.510	NaN	5.748	6.132	6.503	375.8	393.1	409.4	2.606	2.960	3.306
2013.5	94.02	13.329	4.876	NaN	NaN	5.423	5.754	6.078	361.7	376.7	389.2	2.271	2.622	2.967
2014.5	113.35	14.161	4.229	NaN	NaN	4.960	5.336	5.708	395.8	407.5	419.4	2.127	2.509	2.887
2015.5	69.82	20.415	5.710	NaN	NaN	6.050	6.373	6.693	444.5	451.5	459.1	3.044	3.388	3.732
2016.5	39.82	18.216	4.630	NaN	NaN	5.295	5.638	5.979	444.5	454.8	467.0	2.558	2.906	3.250
2017.5	21.74	17.759	4.422	NaN	NaN	5.139	5.496	5.850	443.5	455.0	468.6	2.452	2.811	3.165
2018.5	6.97	12.597	3.341	NaN	NaN	4.259	4.735	5.201	392.8	409.5	430.0	1.678	2.131	2.580
2019.5	3.61	11.287	2.934	NaN	NaN	3.922	4.453	4.974	380.4	399.3	423.0	1.403	1.913	2.409
2020.5	8.63	9.965	2.822	NaN	NaN	3.819	4.365	4.901	357.9	377.0	400.0	1.241	1.771	2.288
